2
5
7
3
11
17
19
13
23
31
29
41
37
43
47
61
59
67
71
53
73
83
79
89
97
101
107
113
103
109
131
139
127
137
157
151
149
163
167
173
179
181
193
197
191
199
211
227
223
229
233
239
241
251
257
263
269
277
283
293
281
307
271
313
311
317
331
337
347
349
359
353
367
379
373
383
389
397
401
409
419
421
431
433
439
443
449
457
461
467
463
479
487
491
503
499
523
509
521
541
547
563
569
571
557
587
577
593
599
607
601
613
619
631
617
641
647
643
653
659
661
673
677
683
691
701
709
719
727
733
739
743
751
761
757
773
769
787
797
809
811
823
821
827
829
839
857
859
853
863
877
881
883
887
911
907
919
929
937
941
953
947
967
971
977
983
991
997
